4.043805061165967052e-01 5.383962798739427846e-01 1.295394923157444644e-03 6.241914257500587038e-01 1.617685295576241078e-01 4.043261183125702596e-01 4.694465032470250820e-01 7.739420184753169618e-01 3.598713603088172786e-01 9.046372686454053902e-01 4.124307876234190040e-01 7.908101416646738935e-01 4.918042767590187214e-01 1.186785795484628370e-01 1.745618701311884013e-01
2.559679496273424837e-01 3.101042521992385392e-01 2.704348584684301837e-02 7.934934763102190480e-01 5.933519412340254595e-01 8.399740897864816924e-01 9.253556607633012243e-01 1.253853033189168409e-01 9.455849291575195714e-01 7.866908746537959463e-02 6.879380666630531271e-01 5.620455889274671435e-01 6.241257509367761358e-01 4.117953087243070298e-01 3.550047773289429776e-01
1.273354377068705023e-01 8.075173821133638796e-01 1.214159320796774910e-01 6.239873724140608813e-01 9.658304299537939785e-01 3.262772918605518768e-01 2.960637555073747373e-01 4.246522985725791344e-01 9.137257154742097764e-01 1.817863786289534156e-01 2.638141389884123278e-01 1.958577424877905315e-02 7.569571646028343537e-01 9.223949037514089788e-01 9.066738861117378256e-01
2.149754342921323946e-01 8.064060630616135539e-01 2.702370144071069014e-01 7.409652410730729333e-01 3.510152556277557068e-02 7.274719639641258340e-01 6.097779214298797434e-01 8.868880510971998143e-01 8.051807984720369404e-01 1.862040545083385457e-01 3.763777065371538555e-01 8.047649492851194353e-03 9.296344392709005033e-01 5.191481892889402427e-01 2.339489157249718954e-01
9.754839871501885806e-02 9.037807077659222310e-01 1.285836784756088091e-01 5.388061686525769112e-01 5.205577799631572189e-01 6.441248486741002477e-02 4.461238378524057246e-01 2.458719457086168125e-01 6.836530780907936755e-01 4.573871200702771533e-01 1.954131484793995011e-01 8.257396375844298086e-01 4.164234988511201774e-01 7.432330670185302024e-01 4.026448463972083225e-01
9.402445587302997732e-01 1.595400828070849819e-01 5.474366557874222883e-01 7.768294242325635146e-01 5.367196695915954496e-01 7.647267722686438285e-01 1.318748629618438084e-02 7.539352946293277347e-01 3.974452749100426674e-01 2.227433590601726188e-01 6.933932335944231751e-01 5.578263170749854227e-01 7.464563896521625441e-01 9.071211900700448805e-01 1.272803239046859103e-01
7.035417821990453957e-01 3.492730476074747958e-01 1.354767939639286434e-01 3.185053046070314142e-01 3.662240625944209738e-01 3.793824274175403577e-01 2.162230531841691228e-02 7.007118502389237946e-01 9.090802355559299830e-01 5.008595693427498885e-01 9.695204456221284683e-02 2.121184899189733075e-01 6.739553319355733318e-01 2.600403374084342412e-01 8.365079586301703563e-01
6.174019738324877382e-01 8.534148709825457590e-01 3.643416044363544382e-01 5.682922191093492392e-01 9.722716702037902392e-01 2.643896937774536937e-01 4.432590629625230427e-01 4.895524061741590716e-01 1.348164155384673490e-01 7.751604448090105848e-01 8.868977240409302576e-01 4.021132474982852534e-01 7.908608308300084655e-01 7.542608401462043144e-01 3.436811923844910188e-01
1.438324630220738642e-01 1.674709254306729900e-01 4.917870498180094696e-01 3.534607201778663388e-01 4.826945379639902001e-01 2.400722185261947583e-01 3.863995877854526917e-01 4.331586345721726294e-01 5.824432350073380782e-01 9.012334894445608313e-01 8.535236208069466590e-01 9.178333548636256056e-01 5.827629509863201385e-01 8.893341927826332594e-01 7.887024941865958816e-01
6.550342715167429830e-01 5.365861010519312746e-01 3.294838536953681452e-02 5.144788330199109305e-01 9.279823776843557637e-01 3.317066368450595215e-01 7.731060195335515139e-01 9.246370486615461681e-01 6.335178660660443217e-01 6.602016845812794799e-01 9.161529349760633156e-02 7.428544422642257006e-01 7.048303100463213511e-01 3.631394197135743296e-01 2.720364615118389118e-01
9.250626237233540161e-01 7.119231376903061292e-01 8.578257696845257296e-01 4.676305077687800127e-01 4.640087670638026740e-02 9.657745597830635909e-02 6.018200350817374256e-01 1.516640261377961707e-01 7.201460609330644358e-01 5.604385767933431906e-01 2.320424841780589498e-01 3.188121255944321719e-01 4.326244924770870082e-01 3.348130720119673054e-01 8.824493359298192230e-01
2.072344777945507310e-01 1.605282023424673410e-01 1.818512240783685119e-01 3.165293759799711060e-01 7.913624661550652251e-01 3.043233091709496296e-01 8.014349816104572310e-01 4.513575575720242261e-01 9.566409441688098481e-01 2.202793643967599913e-01 5.551088165143277520e-01 1.190294728362939480e-02 5.213397994798859569e-01 8.750504206809044394e-01 6.756547067527272077e-01
2.152480710813070575e-01 5.191855261142658273e-01 8.894393017335346929e-01 3.049663997777396496e-02 7.224613492729026198e-01 5.223116817230993858e-01 6.835384160452915303e-01 6.717403464923160650e-01 7.700200425229873913e-01 3.680274888838401814e-01 1.509516242009525389e-01 8.941577791662327357e-01 6.864344517482561248e-01 3.854685370700040581e-01 6.365989521406623108e-01
7.936702435646089127e-01 7.634152865121484055e-01 2.450682077002140913e-01 9.550504541889273113e-01 6.523266544414432211e-01 1.869089241133380375e-01 4.968661736323095601e-01 3.429239483492400042e-01 9.614630070723102495e-01 5.771547439231128340e-01 5.173230558570351967e-01 4.207443963716742674e-01 2.591760711144353024e-01 1.938039868750733863e-01 9.294580518761641486e-04
5.841889326543580063e-01 8.129382727870789749e-01 9.536503133605609417e-01 7.350247663638653783e-01 2.324902922644036529e-01 8.003911438981199389e-01 6.166272651646786951e-01 4.571915891706587187e-01 5.317953982492368281e-01 8.988207660714346847e-01 7.060973508190462322e-01 1.851488357172664800e-01 9.879714433516831873e-01 1.865218055804773734e-02 4.593711625959341349e-01
